
# reading mam15.pv
# rank item    obs     au     np |     bp     pp     kh     sh    wkh    wsh |
#    1    1   -2.7  0.789  0.575 |  0.579  0.934  0.639  0.944  0.639  0.948 |
#    2    3    2.7  0.516  0.318 |  0.312  0.065  0.361  0.799  0.361  0.791 |
#    3    2    7.4  0.114  0.037 |  0.036  0.001  0.122  0.575  0.122  0.422 |
#    4    5   17.6  0.075  0.014 |  0.013  0.000  0.044  0.178  0.044  0.210 |
#    5    6   18.9  0.128  0.032 |  0.035  0.000  0.066  0.149  0.066  0.299 |
#    6    7   20.1  0.029  0.005 |  0.005  0.000  0.049  0.114  0.019  0.105 |
#    7    4   20.6  0.101  0.015 |  0.017  0.000  0.051  0.112  0.051  0.252 |
#    8   15   22.2  0.009  0.001 |  0.001  0.000  0.032  0.073  0.009  0.050 |
#    9    8   25.4  0.000  0.000 |  0.000  0.000  0.003  0.032  0.003  0.015 |
#   10   14   26.3  0.028  0.002 |  0.003  0.000  0.019  0.034  0.019  0.124 |
#   11   13   28.9  0.003  0.000 |  0.000  0.000  0.010  0.018  0.010  0.069 |
#   12    9   31.6  0.001  0.000 |  0.000  0.000  0.003  0.006  0.003  0.033 |
#   13   11   31.7  0.001  0.000 |  0.000  0.000  0.003  0.006  0.003  0.034 |
#   14   10   34.7  0.005  0.000 |  0.000  0.000  0.001  0.003  0.001  0.013 |
#   15   12   36.2  0.002  0.000 |  0.000  0.000  0.001  0.002  0.001  0.009 |

