
# reading mam15e.pv
# rank item    obs     au     np |     bp     pp     kh     sh    wkh    wsh |
#    1    2  -17.6  0.954  0.931 |  0.927  1.000  0.956  0.994  0.934  0.991 |
#    2    1   -2.7  0.749  0.589 |  0.592  0.934  0.639  0.910  0.639  0.921 |
#    3    4    2.7  0.469  0.325 |  0.318  0.065  0.361  0.754  0.361  0.735 |
#    4    3    7.4  0.111  0.037 |  0.036  0.001  0.122  0.567  0.122  0.411 |
#    5    5   17.6  0.075  0.060 |  0.065  0.000  0.044  0.177  0.066  0.253 |
#    6    7   18.9  0.088  0.037 |  0.040  0.000  0.066  0.147  0.066  0.277 |
#    7    6   20.6  0.070  0.018 |  0.019  0.000  0.051  0.112  0.051  0.227 |
#    8    9   22.2  0.016  0.003 |  0.004  0.000  0.032  0.072  0.019  0.113 |
#    9    8   25.4  0.000  0.000 |  0.000  0.000  0.003  0.032  0.003  0.031 |
#   10   10   31.7  0.000  0.000 |  0.000  0.000  0.003  0.006  0.003  0.032 |

